function [cccmap2]=coldat2
cccmap2=[...
    0  ,  0  ,  0  ;
    0  ,  0  ,  143  ;
    0  ,  0  ,  159  ;
    0  ,  0  ,  175  ;
    0  ,  0  ,  191  ;
    0  ,  0  ,  207  ;
    0  ,  0  ,  223  ;
    0  ,  0  ,  239  ;
    0  ,  0  ,  255  ;
    0  ,  16  ,  255  ;
    0  ,  32  ,  255  ;
    0  ,  48  ,  255  ;
    0  ,  64  ,  255  ;
    0  ,  80  ,  255  ;
    0  ,  96  ,  255  ;
    0  ,  112  ,  255  ;
    0  ,  114  ,  189  ;
    0  ,  128  ,  255  ;
    0  ,  143  ,  255  ;
    0  ,  159  ,  255  ;
    0  ,  175  ,  255  ;
    0  ,  191  ,  255  ;
    0  ,  207  ,  255  ;
    0  ,  223  ,  255  ;
    0  ,  239  ,  255  ;
    0  ,  255  ,  255  ;
    2  ,  2  ,  2  ;
    11  ,  11  ,  11  ;
    16  ,  255  ,  239  ;
    20  ,  20  ,  20  ;
    21  ,  126  ,  194  ;
    27  ,  27  ,  27  ;
    32  ,  255  ,  223  ;
    37  ,  37  ,  37  ;
    38  ,  38  ,  38  ;
    44  ,  44  ,  44  ;
    48  ,  255  ,  207  ;
    51  ,  51  ,  51  ;
    59  ,  59  ,  59  ;
    64  ,  255  ,  191  ;
    67  ,  67  ,  67  ;
    75  ,  75  ,  75  ;
    80  ,  255  ,  175  ;
    82  ,  82  ,  82  ;
    90  ,  90  ,  90  ;
    92  ,  29  ,  29  ;
    92  ,  92  ,  92  ;
    96  ,  255  ,  159  ;
    99  ,  99  ,  99  ;
    107  ,  107  ,  107  ;
    112  ,  255  ,  143  ;
    114  ,  114  ,  114  ;
    125  ,  125  ,  125  ;
    127  ,  184  ,  222  ;
    128  ,  0  ,  0  ;
    128  ,  128  ,  128  ;
    128  ,  185  ,  222  ;
    128  ,  255  ,  128  ;
    131  ,  131  ,  131  ;
    139  ,  139  ,  139  ;
    143  ,  0  ,  0  ;
    143  ,  255  ,  112  ;
    145  ,  194  ,  227  ;
    148  ,  148  ,  148  ;
    156  ,  156  ,  156  ;
    159  ,  0  ,  0  ;
    159  ,  255  ,  96  ;
    163  ,  163  ,  163  ;
    170  ,  170  ,  170  ;
    175  ,  0  ,  0  ;
    175  ,  255  ,  80  ;
    180  ,  180  ,  180  ;
    188  ,  188  ,  188  ;
    191  ,  0  ,  0  ;
    191  ,  255  ,  64  ;
    192  ,  220  ,  239  ;
    195  ,  195  ,  195  ;
    203  ,  203  ,  203  ;
    207  ,  0  ,  0  ;
    207  ,  255  ,  48  ;
    211  ,  211  ,  211  ;
    220  ,  220  ,  220  ;
    223  ,  0  ,  0  ;
    223  ,  255  ,  32  ;
    224  ,  238  ,  247  ;
    227  ,  227  ,  227  ;
    235  ,  235  ,  235  ;
    237  ,  3  ,  3  ;
    239  ,  0  ,  0  ;
    239  ,  255  ,  16  ;
    245  ,  245  ,  245  ;
    254  ,  254  ,  254  ;
    255  ,  0  ,  0  ;
    255  ,  0  ,  0  ;
    255  ,  16  ,  0  ;
    255  ,  21  ,  21  ;
    255  ,  32  ,  0  ;
    255  ,  48  ,  0  ;
    255  ,  64  ,  0  ;
    255  ,  80  ,  0  ;
    255  ,  96  ,  0  ;
    255  ,  112  ,  0  ;
    255  ,  128  ,  0  ;
    255  ,  143  ,  0  ;
    255  ,  159  ,  0  ;
    255  ,  175  ,  0  ;
    255  ,  191  ,  0  ;
    255  ,  192  ,  192  ;
    255  ,  207  ,  0  ;
    255  ,  223  ,  0  ;
    255  ,  224  ,  224  ;
    255  ,  239  ,  0  ;
    255  ,  255  ,  0  ;
    255  ,  255  ,  255  ];